15 1 15
0 0 0 0 21 0 25 0 0 21 26 15 0 0 13 
0 0 20 0 25 20 0 24 0 0 0 0 20 0 21 
0 20 0 0 0 10 0 21 0 0 0 29 0 0 0 
0 0 0 0 0 0 0 13 0 0 0 0 28 0 0 
21 25 0 0 0 17 0 0 0 0 0 0 0 0 0 
0 20 10 0 17 0 0 0 0 0 19 0 0 0 0 
25 0 0 0 0 0 0 0 0 0 10 0 0 14 0 
0 24 21 13 0 0 0 0 0 26 0 0 17 0 0 
0 0 0 0 0 0 0 0 0 14 0 0 0 0 0 
21 0 0 0 0 0 0 26 14 0 0 0 0 0 0 
26 0 0 0 0 19 10 0 0 0 0 0 0 29 0 
15 0 29 0 0 0 0 0 0 0 0 0 0 12 0 
0 20 0 28 0 0 0 17 0 0 0 0 0 0 0 
0 0 0 0 0 0 14 0 0 0 29 12 0 0 0 
13 21 0 0 0 0 0 0 0 0 0 0 0 0 0 
1
393 367
29 210
92 353
182 91
197 366
191 282
378 186
55 36
360 30
271 38
207 123
479 251
116 135
437 82
230 231
